  14  14
  50  20
 100  20
 150  20
 200  20
 250  20
 300  20
 350  20
 400  20
 450  20
 500  20
 550  20
 600  20
 650  20
 700  20
  50  60
 100  60
 150  60
 200  60
 250  60
 300  60
 350  60
 400  60
 450  60
 500  60
 550  60
 600  60
 650  60
 700  60
  50 100
 100 100
 150 100
 200 100
 250 100
 300 100
 350 100
 400 100
 450 100
 500 100
 550 100
 600 100
 650 100
 700 100
  50 140
 100 140
 150 140
 200 140
 250 140
 300 140
 350 140
 400 140
 450 140
 500 140
 550 140
 600 140
 650 140
 700 140
  50 180
 100 180
 150 180
 200 180
 250 180
 300 180
 350 180
 400 180
 450 180
 500 180
 550 180
 600 180
 650 180
 700 180
  50 220
 100 220
 150 220
 200 220
 250 220
 300 220
 350 220
 400 220
 450 220
 500 220
 550 220
 600 220
 650 220
 700 220
  50 260
 100 260
 150 260
 200 260
 250 260
 300 260
 350 260
 400 260
 450 260
 500 260
 550 260
 600 260
 650 260
 700 260
  50 300
 100 300
 150 300
 200 300
 250 300
 300 300
 350 300
 400 300
 450 300
 500 300
 550 300
 600 300
 650 300
 700 300
  50 340
 100 340
 150 340
 200 340
 250 340
 300 340
 350 340
 400 340
 450 340
 500 340
 550 340
 600 340
 650 340
 700 340
  50 380
 100 380
 150 380
 200 380
 250 380
 300 380
 350 380
 400 380
 450 380
 500 380
 550 380
 600 380
 650 380
 700 380
  50 420
 100 420
 150 420
 200 420
 250 420
 300 420
 350 420
 400 420
 450 420
 500 420
 550 420
 600 420
 650 420
 700 420
  50 460
 100 460
 150 460
 200 460
 250 460
 300 460
 350 460
 400 460
 450 460
 500 460
 550 460
 600 460
 650 460
 700 460
  50 500
 100 500
 150 500
 200 500
 250 500
 300 500
 350 500
 400 500
 450 500
 500 500
 550 500
 600 500
 650 500
 700 500
  50 540
 100 540
 150 540
 200 540
 250 540
 300 540
 350 540
 400 540
 450 540
 500 540
 550 540
 600 540
 650 540
 700 540
