  31  31
  50  20
  72  20
  94  20
 116  20
 138  20
 160  20
 182  20
 204  20
 226  20
 248  20
 270  20
 292  20
 314  20
 336  20
 358  20
 380  20
 402  20
 424  20
 446  20
 468  20
 490  20
 512  20
 534  20
 556  20
 578  20
 600  20
 622  20
 644  20
 666  20
 688  20
 710  20
  50  38
  72  38
  94  38
 116  38
 138  38
 160  38
 182  38
 204  38
 226  38
 248  38
 270  38
 292  38
 314  38
 336  38
 358  38
 380  38
 402  38
 424  38
 446  38
 468  38
 490  38
 512  38
 534  38
 556  38
 578  38
 600  38
 622  38
 644  38
 666  38
 688  38
 710  38
  50  56
  72  56
  94  56
 116  56
 138  56
 160  56
 182  56
 204  56
 226  56
 248  56
 270  56
 292  56
 314  56
 336  56
 358  56
 380  56
 402  56
 424  56
 446  56
 468  56
 490  56
 512  56
 534  56
 556  56
 578  56
 600  56
 622  56
 644  56
 666  56
 688  56
 710  56
  50  74
  72  74
  94  74
 116  74
 138  74
 160  74
 182  74
 204  74
 226  74
 248  74
 270  74
 292  74
 314  74
 336  74
 358  74
 380  74
 402  74
 424  74
 446  74
 468  74
 490  74
 512  74
 534  74
 556  74
 578  74
 600  74
 622  74
 644  74
 666  74
 688  74
 710  74
  50  92
  72  92
  94  92
 116  92
 138  92
 160  92
 182  92
 204  92
 226  92
 248  92
 270  92
 292  92
 314  92
 336  92
 358  92
 380  92
 402  92
 424  92
 446  92
 468  92
 490  92
 512  92
 534  92
 556  92
 578  92
 600  92
 622  92
 644  92
 666  92
 688  92
 710  92
  50 110
  72 110
  94 110
 116 110
 138 110
 160 110
 182 110
 204 110
 226 110
 248 110
 270 110
 292 110
 314 110
 336 110
 358 110
 380 110
 402 110
 424 110
 446 110
 468 110
 490 110
 512 110
 534 110
 556 110
 578 110
 600 110
 622 110
 644 110
 666 110
 688 110
 710 110
  50 128
  72 128
  94 128
 116 128
 138 128
 160 128
 182 128
 204 128
 226 128
 248 128
 270 128
 292 128
 314 128
 336 128
 358 128
 380 128
 402 128
 424 128
 446 128
 468 128
 490 128
 512 128
 534 128
 556 128
 578 128
 600 128
 622 128
 644 128
 666 128
 688 128
 710 128
  50 146
  72 146
  94 146
 116 146
 138 146
 160 146
 182 146
 204 146
 226 146
 248 146
 270 146
 292 146
 314 146
 336 146
 358 146
 380 146
 402 146
 424 146
 446 146
 468 146
 490 146
 512 146
 534 146
 556 146
 578 146
 600 146
 622 146
 644 146
 666 146
 688 146
 710 146
  50 164
  72 164
  94 164
 116 164
 138 164
 160 164
 182 164
 204 164
 226 164
 248 164
 270 164
 292 164
 314 164
 336 164
 358 164
 380 164
 402 164
 424 164
 446 164
 468 164
 490 164
 512 164
 534 164
 556 164
 578 164
 600 164
 622 164
 644 164
 666 164
 688 164
 710 164
  50 182
  72 182
  94 182
 116 182
 138 182
 160 182
 182 182
 204 182
 226 182
 248 182
 270 182
 292 182
 314 182
 336 182
 358 182
 380 182
 402 182
 424 182
 446 182
 468 182
 490 182
 512 182
 534 182
 556 182
 578 182
 600 182
 622 182
 644 182
 666 182
 688 182
 710 182
  50 200
  72 200
  94 200
 116 200
 138 200
 160 200
 182 200
 204 200
 226 200
 248 200
 270 200
 292 200
 314 200
 336 200
 358 200
 380 200
 402 200
 424 200
 446 200
 468 200
 490 200
 512 200
 534 200
 556 200
 578 200
 600 200
 622 200
 644 200
 666 200
 688 200
 710 200
  50 218
  72 218
  94 218
 116 218
 138 218
 160 218
 182 218
 204 218
 226 218
 248 218
 270 218
 292 218
 314 218
 336 218
 358 218
 380 218
 402 218
 424 218
 446 218
 468 218
 490 218
 512 218
 534 218
 556 218
 578 218
 600 218
 622 218
 644 218
 666 218
 688 218
 710 218
  50 236
  72 236
  94 236
 116 236
 138 236
 160 236
 182 236
 204 236
 226 236
 248 236
 270 236
 292 236
 314 236
 336 236
 358 236
 380 236
 402 236
 424 236
 446 236
 468 236
 490 236
 512 236
 534 236
 556 236
 578 236
 600 236
 622 236
 644 236
 666 236
 688 236
 710 236
  50 254
  72 254
  94 254
 116 254
 138 254
 160 254
 182 254
 204 254
 226 254
 248 254
 270 254
 292 254
 314 254
 336 254
 358 254
 380 254
 402 254
 424 254
 446 254
 468 254
 490 254
 512 254
 534 254
 556 254
 578 254
 600 254
 622 254
 644 254
 666 254
 688 254
 710 254
  50 272
  72 272
  94 272
 116 272
 138 272
 160 272
 182 272
 204 272
 226 272
 248 272
 270 272
 292 272
 314 272
 336 272
 358 272
 380 272
 402 272
 424 272
 446 272
 468 272
 490 272
 512 272
 534 272
 556 272
 578 272
 600 272
 622 272
 644 272
 666 272
 688 272
 710 272
  50 290
  72 290
  94 290
 116 290
 138 290
 160 290
 182 290
 204 290
 226 290
 248 290
 270 290
 292 290
 314 290
 336 290
 358 290
 380 290
 402 290
 424 290
 446 290
 468 290
 490 290
 512 290
 534 290
 556 290
 578 290
 600 290
 622 290
 644 290
 666 290
 688 290
 710 290
  50 308
  72 308
  94 308
 116 308
 138 308
 160 308
 182 308
 204 308
 226 308
 248 308
 270 308
 292 308
 314 308
 336 308
 358 308
 380 308
 402 308
 424 308
 446 308
 468 308
 490 308
 512 308
 534 308
 556 308
 578 308
 600 308
 622 308
 644 308
 666 308
 688 308
 710 308
  50 326
  72 326
  94 326
 116 326
 138 326
 160 326
 182 326
 204 326
 226 326
 248 326
 270 326
 292 326
 314 326
 336 326
 358 326
 380 326
 402 326
 424 326
 446 326
 468 326
 490 326
 512 326
 534 326
 556 326
 578 326
 600 326
 622 326
 644 326
 666 326
 688 326
 710 326
  50 344
  72 344
  94 344
 116 344
 138 344
 160 344
 182 344
 204 344
 226 344
 248 344
 270 344
 292 344
 314 344
 336 344
 358 344
 380 344
 402 344
 424 344
 446 344
 468 344
 490 344
 512 344
 534 344
 556 344
 578 344
 600 344
 622 344
 644 344
 666 344
 688 344
 710 344
  50 362
  72 362
  94 362
 116 362
 138 362
 160 362
 182 362
 204 362
 226 362
 248 362
 270 362
 292 362
 314 362
 336 362
 358 362
 380 362
 402 362
 424 362
 446 362
 468 362
 490 362
 512 362
 534 362
 556 362
 578 362
 600 362
 622 362
 644 362
 666 362
 688 362
 710 362
  50 380
  72 380
  94 380
 116 380
 138 380
 160 380
 182 380
 204 380
 226 380
 248 380
 270 380
 292 380
 314 380
 336 380
 358 380
 380 380
 402 380
 424 380
 446 380
 468 380
 490 380
 512 380
 534 380
 556 380
 578 380
 600 380
 622 380
 644 380
 666 380
 688 380
 710 380
  50 398
  72 398
  94 398
 116 398
 138 398
 160 398
 182 398
 204 398
 226 398
 248 398
 270 398
 292 398
 314 398
 336 398
 358 398
 380 398
 402 398
 424 398
 446 398
 468 398
 490 398
 512 398
 534 398
 556 398
 578 398
 600 398
 622 398
 644 398
 666 398
 688 398
 710 398
  50 416
  72 416
  94 416
 116 416
 138 416
 160 416
 182 416
 204 416
 226 416
 248 416
 270 416
 292 416
 314 416
 336 416
 358 416
 380 416
 402 416
 424 416
 446 416
 468 416
 490 416
 512 416
 534 416
 556 416
 578 416
 600 416
 622 416
 644 416
 666 416
 688 416
 710 416
  50 434
  72 434
  94 434
 116 434
 138 434
 160 434
 182 434
 204 434
 226 434
 248 434
 270 434
 292 434
 314 434
 336 434
 358 434
 380 434
 402 434
 424 434
 446 434
 468 434
 490 434
 512 434
 534 434
 556 434
 578 434
 600 434
 622 434
 644 434
 666 434
 688 434
 710 434
  50 452
  72 452
  94 452
 116 452
 138 452
 160 452
 182 452
 204 452
 226 452
 248 452
 270 452
 292 452
 314 452
 336 452
 358 452
 380 452
 402 452
 424 452
 446 452
 468 452
 490 452
 512 452
 534 452
 556 452
 578 452
 600 452
 622 452
 644 452
 666 452
 688 452
 710 452
  50 470
  72 470
  94 470
 116 470
 138 470
 160 470
 182 470
 204 470
 226 470
 248 470
 270 470
 292 470
 314 470
 336 470
 358 470
 380 470
 402 470
 424 470
 446 470
 468 470
 490 470
 512 470
 534 470
 556 470
 578 470
 600 470
 622 470
 644 470
 666 470
 688 470
 710 470
  50 488
  72 488
  94 488
 116 488
 138 488
 160 488
 182 488
 204 488
 226 488
 248 488
 270 488
 292 488
 314 488
 336 488
 358 488
 380 488
 402 488
 424 488
 446 488
 468 488
 490 488
 512 488
 534 488
 556 488
 578 488
 600 488
 622 488
 644 488
 666 488
 688 488
 710 488
  50 506
  72 506
  94 506
 116 506
 138 506
 160 506
 182 506
 204 506
 226 506
 248 506
 270 506
 292 506
 314 506
 336 506
 358 506
 380 506
 402 506
 424 506
 446 506
 468 506
 490 506
 512 506
 534 506
 556 506
 578 506
 600 506
 622 506
 644 506
 666 506
 688 506
 710 506
  50 524
  72 524
  94 524
 116 524
 138 524
 160 524
 182 524
 204 524
 226 524
 248 524
 270 524
 292 524
 314 524
 336 524
 358 524
 380 524
 402 524
 424 524
 446 524
 468 524
 490 524
 512 524
 534 524
 556 524
 578 524
 600 524
 622 524
 644 524
 666 524
 688 524
 710 524
  50 542
  72 542
  94 542
 116 542
 138 542
 160 542
 182 542
 204 542
 226 542
 248 542
 270 542
 292 542
 314 542
 336 542
 358 542
 380 542
 402 542
 424 542
 446 542
 468 542
 490 542
 512 542
 534 542
 556 542
 578 542
 600 542
 622 542
 644 542
 666 542
 688 542
 710 542
  50 560
  72 560
  94 560
 116 560
 138 560
 160 560
 182 560
 204 560
 226 560
 248 560
 270 560
 292 560
 314 560
 336 560
 358 560
 380 560
 402 560
 424 560
 446 560
 468 560
 490 560
 512 560
 534 560
 556 560
 578 560
 600 560
 622 560
 644 560
 666 560
 688 560
 710 560
