 100
  50  20
 120  20
 190  20
 260  20
 330  20
 400  20
 470  20
 540  20
 610  20
 680  20
  50  76
 120  76
 190  76
 260  76
 330  76
 400  76
 470  76
 540  76
 610  76
 680  76
  50 132
 120 132
 190 132
 260 132
 330 132
 400 132
 470 132
 540 132
 610 132
 680 132
  50 188
 120 188
 190 188
 260 188
 330 188
 400 188
 470 188
 540 188
 610 188
 680 188
  50 244
 120 244
 190 244
 260 244
 330 244
 400 244
 470 244
 540 244
 610 244
 680 244
  50 300
 120 300
 190 300
 260 300
 330 300
 400 300
 470 300
 540 300
 610 300
 680 300
  50 356
 120 356
 190 356
 260 356
 330 356
 400 356
 470 356
 540 356
 610 356
 680 356
  50 412
 120 412
 190 412
 260 412
 330 412
 400 412
 470 412
 540 412
 610 412
 680 412
  50 468
 120 468
 190 468
 260 468
 330 468
 400 468
 470 468
 540 468
 610 468
 680 468
  50 524
 120 524
 190 524
 260 524
 330 524
 400 524
 470 524
 540 524
 610 524
 680 524
